624	260
585	280
585	280
429	300
390	300
351	300
195	340
0	380
-195	420
-351	440
-429	460
-585	480
-975	520
-858	540
-1014	560
-1209	600
-1365	620
-1482	660
-1638	680
-1794	720
-1950	740
-2067	760
-2145	780
-2340	960
-2496	840
-2691	900
-2886	920
-3003	960
-3081	980
-3237	1000
-3354	1020
-3510	1060
-3705	1100
-3861	1140
-3978	1160
-4134	1200
-4329	1220
-4563	1260
-4641	1280
-4719	1300
-4797	1320
-4875	1340
-5109	1360
-5226	1400
-5382	1420
-5655	1460
-5655	1480
-5733	1460
-5889	1520
-5967	1540
-6084	1580
-6318	1760
-6474	1660
-6591	1680
-6747	1720
-6903	1740
-7098	1760
-7176	1800
-7293	1820
-7410	1840
-7527	1860
-7683	1920
-7800	1940
-7800	1980
-8073	2000
-8229	2020
-8307	2040
-8463	2060
-8619	2080
-8814	2140
-8931	2160
-9087	2200
-9165	2220
-9243	2220
-9282	2260
-9477	2280
-9633	2320
-9789	2400
-9867	2360
-10023	2400
-10179	2440
-10374	2460
-10491	2500
-10569	2520
-10725	2560
-10764	2560
-10920	2580
-11037	2600
-11232	2640
-11349	2680
-11466	2660
-11583	2720
-11739	2740
-11895	2780
-12012	2820
-12168	2840
-12324	2880
-12441	2920
-12519	2920
-12636	2940
-12753	2980
-12909	3000
-13065	3040
-13104	3060
-13221	3080
-13338	3080
-13455	3120
-13533	3140
-13572	3160
-13728	3180
-13845	3180
-13923	3220
-14040	3240
-14157	3260
-14391	3320
-14469	3340
-14586	3360
-14703	3440
-14820	3400
-14898	3440
-15093	3460
-15210	3500
-15366	3540
-15522	3560
-15561	3560
-15639	3580
-15717	3680
-15873	3640
-15990	3660
-16029	3680
-16185	3700
-16263	3720
-16380	3740
-16497	3760
-16653	3800
-16770	3840
-16926	3860
-17004	3920
-17160	3900
-17238	3960
-17433	3960
-17511	3980
-17589	4000
-17667	4020
-17745	4020
-17862	4060
-17940	4060
-18057	4100
-18174	4120
-18291	4160
-18330	4160
-18447	4180
-18603	4200
-18681	4220
-18798	4240
-18876	4280
-18993	4300
-19032	4300
-19110	4320
-19188	4320
-19266	4340
-19344	4360
-19461	4380
-19539	4380
-19578	4400
-19695	4420
-19812	4440
-19890	4460
-19968	4480
-19968	4500
-19968	4500
-19968	4520
-19968	4540
-19968	4560
-19968	4560
-19968	4600
-19968	4620
-19968	4620
-19968	4640
-19968	4660
-19968	4680
-19968	4700
-19968	4720
-19968	4720
-19968	4740
-19968	4760
-19968	4780
-19968	4740
-19968	4800
-19968	4820
-19968	4820
-19968	4840
-19968	4840
-19968	4860
-19968	4880
-19968	4900
-19968	4900
-19968	4920
-19968	4920
-19968	4940
-19968	4940
-19968	4940
-19968	4940
-19968	4940
-19968	4940
-19968	4940
-19968	4920
-19968	4900
-19968	4900
-19968	4900
-19968	4860
-19968	4860
-19968	4860
-19968	4820
-19968	4840
-19968	4780
-19968	4800
-19968	4780
-19968	4760
-19968	4740
-19968	4720
-19968	4720
-19968	4700
-19968	4660
-19968	4660
-19968	4620
-19968	4620
-19968	4540
-19968	4580
-19968	4560
-19968	4580
-19968	4540
-19968	4500
-19968	4460
-19968	4480
-19968	4480
-19968	4460
-19890	4440
-19695	4400
-19695	4400
-19539	4380
-19383	4340
-19344	4340
-19344	4340
-19266	4300
-19149	4300
-19110	4280
-18954	4240
-18954	4240
-18837	4220
-18603	4160
-18603	4180
-18486	4140
-18408	4120
-18252	4080
-18252	4080
-18174	4060
-18135	4040
-17901	4000
-17862	4000
-17667	3960
-17667	3960
-17589	3940
-17472	3920
-17277	3880
-17277	3880
-17043	3820
-17043	3820
-16965	3800
-16653	3760
-16575	3720
-16419	3500
-16380	3680
-16185	3500
-16185	3620
-16068	3620
-15951	3600
-15756	3560
-15717	3840
-15717	3540
-15483	3480
-15483	3480
-15366	3460
-15249	3440
-15015	3380
-14781	3180
-14742	3320
-14703	3320
-14625	3300
-14508	3280
-14274	3220
-14001	3140
-13962	3140
-13923	3200
-13845	3120
-13650	3080
-13650	3040
-13416	3020
-13377	3020
-13182	2980
-13143	2980
-13143	2980
-13026	2960
-12831	2900
-12831	2920
-12558	2840
-12519	2840
-12441	2820
-12207	2780
-12090	2760
-11895	2800
-11700	2660
-11622	2680
-11622	2640
-11505	2620
-11193	2560
-11154	2560
-10920	2500
-10764	2480
-10764	2460
-10686	2460
-10530	2440
-10413	2400
-10296	2380
-10179	2340
-10023	2320
-9750	2280
-9750	2260
-9672	2240
-9477	2200
-9321	2160
-9282	2160
-9087	2120
-9009	2100
-8892	2080
-8736	2040
-8541	2000
-8463	1980
-8268	1960
-8229	1940
-8073	1920
-7917	1880
-7761	1840
-7605	1820
-7449	1780
-7254	1760
-7254	1740
-7176	1720
-7020	1700
-6825	1660
-6669	1640
-6513	1600
-6396	1580
-6240	1560
-6084	1560
-5850	1460
-5694	1440
-5538	1420
-5538	1400
-5460	1400
-5226	1360
-5070	1320
-4992	1280
-4680	1260
-4680	1260
-4602	1240
-4485	1200
-4251	1180
-4173	1160
-3900	1100
-3822	1080
-3666	1060
-3549	1040
-3393	1000
-3315	1000
-3315	980
-3315	980
-3315	980
-3081	940
-3081	940
-2847	880
-2691	860
-2574	840
-2496	820
-2457	820
-2262	780
-2106	800
-1989	740
-1794	700
-1755	680
-1560	660
-1404	620
-1209	580
-1092	560
-858	520
-858	500
-741	500
-585	460
-351	420
-234	400
-78	380
0	360
195	340
312	300
507	280
702	240
741	220
936	200
1053	180
1209	160
1326	140
1482	100
1599	100
1716	80
1833	40
2028	20
2223	0
2379	-20
2457	0
2535	-60
2691	-80
2964	-100
3003	-120
3120	-140
3276	-160
3393	-160
3510	-160
3705	-200
3861	-220
3978	-240
4056	-260
4134	-260
4329	-280
4524	-300
4602	-300
4719	-320
4875	-340
4992	-340
5148	-360
5265	-360
5460	-380
5499	-400
5616	-400
5811	-420
5928	-440
6123	-440
6279	-460
6435	-460
6513	-480
6630	-500
6669	-520
6903	-500
7059	-540
7215	-560
7254	-560
7449	-580
7488	-580
7800	-600
7917	-620
8034	-560
8151	-640
8268	-640
8385	-640
8541	-660
8619	-680
8814	-680
8775	-700
9009	-700
9126	-720
9360	-740
9438	-760
9516	-760
9633	-780
9789	-780
9828	-780
9984	-800
10101	-800
10179	-820
10296	-820
10335	-840
10452	-860
10647	-860
10803	-860
10842	-840
11037	-860
11115	-840
11193	-900
11388	-900
11505	-900
11700	-920
11817	-940
11934	-940
12051	-960
12129	-980
12246	-980
12363	-1000
12519	-1000
12597	-1000
12831	-1020
12831	-1020
12870	-1040
13065	-1060
13182	-1060
13221	-1080
13338	-1080
13455	-1080
13572	-1100
13767	-1120
13845	-1120
14040	-1140
14079	-1140
14157	-1140
14274	-1160
14391	-1180
14625	-1180
14742	-1200
14781	-1200
14820	-1220
14937	-1220
15093	-1240
15171	-1240
15405	-1260
15522	-1280
15405	-1280
15600	-1240
15678	-1300
15795	-1300
15951	-1320
16029	-1320
16263	-1340
16302	-1340
16341	-1360
16419	-1360
16536	-1380
16731	-1380
16731	-1420
16809	-1400
16848	-1400
16965	-1420
17160	-1420
17238	-1440
17316	-1440
17511	-1460
17511	-1460
17589	-1440
17667	-1480
17823	-1500
17901	-1500
17940	-1500
18018	-1520
18096	-1520
18135	-1540
18174	-1540
18330	-1520
18408	-1560
18447	-1560
18525	-1560
18681	-1580
18642	-1580
18759	-1600
18837	-1600
18954	-1620
19188	-1620
19227	-1620
19305	-1640
19344	-1640
19578	-1660
19929	-1660
19578	-1660
19578	-1680
19656	-1680
19617	-1680
19617	-1700
19617	-1700
19929	-1780
19929	-1720
19617	-1720
19578	-1740
19617	-1740
19578	-1760
19578	-1760
19773	-1760
19578	-1780
19578	-1780
19578	-1780
19578	-1780
19617	-1800
19929	-1800
19617	-1820
19578	-1820
19578	-1820
19578	-1820
19929	-1840
19578	-1840
19929	-1840
19578	-1860
19617	-1860
19578	-1860
19578	-1860
19617	-1880
19929	-1880
19773	-1880
19695	-1880
19734	-1880
19734	-1880
19734	-1860
19734	-1860
19734	-1860
19812	-1860
19734	-1840
19695	-1840
19773	-1840
19734	-1820
19695	-1820
19734	-1820
19734	-1800
19695	-1800
19773	-1800
19734	-1800
19734	-1780
19734	-1780
19734	-1760
19734	-1760
19734	-1740
19773	-1740
19734	-1720
19773	-1740
19773	-1720
19734	-1700
19890	-1700
19773	-1700
19695	-1660
19656	-1680
19734	-1660
19734	-1660
19695	-1660
19734	-1640
19695	-1640
19695	-1600
19461	-1620
19422	-1600
19344	-1600
19227	-1600
19110	-1600
18876	-1580
18798	-1580
18720	-1560
18720	-1560
18642	-1540
18525	-1560
18486	-1540
18408	-1520
18369	-1520
18252	-1500
18213	-1500
18096	-1480
18018	-1440
17940	-1460
17862	-1460
17706	-1440
17667	-1440
17589	-1440
17511	-1420
17394	-1420
17238	-1400
17121	-1400
17004	-1380
16965	-1380
16848	-1360
16770	-1360
16653	-1340
16536	-1340
16536	-1340
16380	-1320
16380	-1320
16224	-1300
16068	-1300
15912	-1280
15873	-1280
15678	-1260
15639	-1240
15678	-1240
15522	-1220
15327	-1220
14937	-1200
15171	-1200
14898	-1180
14859	-1180
14859	-1160
14781	-1160
14508	-1140
14391	-1160
14274	-1120
14196	-1120
14118	-1100
14040	-1100
13884	-1080
13728	-1060
13728	-1060
13494	-1040
13377	-1020
13260	-1020
13143	-1000
13026	-1000
12948	-1000
12753	-960
12597	-960
12597	-960
12480	-940
12324	-920
12207	-920
12168	-920
12051	-900
11973	-900
11856	-880
11661	-860
11544	-860
11388	-820
11232	-820
11076	-800
11037	-800
10881	-800
10764	-780
10647	-760
10452	-760
10257	-740
10257	-720
10296	-740
9984	-700
9906	-700
9672	-680
9672	-680
9672	-680
9438	-660
9321	-640
9243	-640
9048	-620
9048	-600
8931	-600
8736	-580
8619	-580
8619	-580
8619	-580
8580	-580
8580	-580
8268	-540
8151	-520
8151	-540
7995	-500
7956	-500
7800	-500
7644	-480
7488	-480
7293	-460
7176	-440
7098	-440
7020	-420
6786	-420
6630	-400
6513	-380
6396	-360
6201	-360
6084	-340
6006	-340
5889	-320
5616	-300
5538	-280
5421	-280
5265	-260
5148	-240
4992	-220
4953	-240
4758	-220
4602	-180
4524	-180
4407	-160
4251	-140
4095	-120
3939	-100
3861	-100
3744	-80
3588	-60
3432	-40
3276	0
3120	20
3003	40
2886	60
2730	80
2574	100
2457	140
2340	140
2106	180
2028	180
1911	200
1677	180
1599	220
1443	240
1365	280
1287	260
1092	300
936	340
741	340
546	380
429	400
468	420
195	440
0	480
-117	500
-312	540
-390	540
-546	580
-702	620
-780	640
-936	660
-1170	720
-1287	720
-1482	740
-1599	740
-1794	820
-1911	840
-2067	860
-2145	880
-2301	900
-2418	920
-2652	980
-2808	1000
-3003	960
-3081	1040
-3198	1020
-3354	1040
-3471	1080
-3627	1100
-3822	1140
-3900	1160
-4134	1200
-4251	1240
-4524	1280
-4680	1300
-4758	1320
-4797	1340
-4875	1360
-5070	1380
-5187	1460
-5382	1440
-5499	1480
-5655	1500
-5772	1520
-5850	1540
-5967	1560
-6123	1600
-6279	1640
-6435	1660
-6513	1680
-6630	1720
-6864	1760
-7098	1800
-7215	1820
-7293	1840
-7410	1860
-7527	1880
-7644	1920
-7839	1960
-7917	1980
-8112	2020
-8190	2040
-8307	2040
-8463	2080
-8541	2140
-8736	2140
-8931	2180
-9087	2220
-9165	2220
-9243	2260
-9321	2280
-9477	2300
-9594	2320
-9750	2360
-9867	2380
-9984	2400
-10140	2480
-10374	2500
-10491	2500
-10530	2540
-10725	2560
-10803	2580
-10920	2600
-10998	2620
-11232	2660
-11349	2680
-11466	2720
-11583	2740
-11700	2760
-11700	2780
-12012	2820
-12012	2860
-12285	2880
-12441	2920
-12519	2940
-12636	2960
-12714	2980
-12909	3020
-13026	3040
-13143	3080
-13260	3100
-13338	3120
-13455	3140
-13611	3160
-13650	3180
-13728	3180
-13845	3220
-13884	3240
-14079	3260
-14157	3280
-14313	3300
-14508	3360
-14625	3380
-14703	3440
-14820	3420
-14898	3440
-15054	3480
-15210	3500
-15327	3540
-15483	3560
-15561	3580
-15639	3620
-15756	3640
-15873	3660
-15951	3680
-16068	3700
-16263	3720
-16263	3740
-16380	3780
-16497	3780
-16653	3820
-16731	3840
-16887	3860
-16965	3880
-17082	3920
-17277	3920
-17433	3960
-17511	3980
-17667	4000
-17706	4020
-17784	4040
-17862	4060
-17979	4080
-18096	4100
-18213	4120
-18330	4160
-18369	4160
-18447	4180
-18603	4220
-18720	4260
-18798	4260
-18876	4280
-18993	4480
-19071	4320
-19149	4400
-19227	4340
-19305	4360
-19422	4360
-19461	4360
-19539	4380
-19617	4420
-19734	4440
-19851	4460
-19968	4480
-19968	4480
-19968	4500
-19968	4520
-19968	4520
-19929	4560
-19968	4560
-19968	4600
-19968	4600
-19968	4620
-19968	4640
-19968	4640
-19968	4680
-19968	4700
-19968	4720
-19968	4720
-19968	4700
-19968	4740
-19968	4780
-19968	4800
-19968	4800
-19968	4820
-19968	4820
-19968	4860
-19968	4860
-19968	4880
-19968	4920
-19968	4920
-19968	4920
-19968	4940
-19968	4940
-19968	4960
-19968	4980
-19968	4980
